0.320916
1.055105
1.817345
3.170885
3.791552
4.651191
6.689978
7.271254
8.430449
9.795179
11.897597
11.974942
14.549048
15.248818
16.632430
17.396876
18.930557
20.460690
21.470307
23.000101
23.867518
25.722600
26.059444
28.432319
29.078829
30.373189
31.000400
33.380353
34.252130
35.531610
37.250784
38.040197
39.400712
41.280897
42.468187
43.141310
45.438287
45.205432
46.962274
48.146571
49.941668
50.749189
52.518717
53.695562
54.401509
56.072697
57.897168
58.305955
59.731484
61.297596
61.879235
63.842764
64.631929
66.321494
67.569540
69.363082
70.754704
71.947116
72.973799
73.892022
75.537490
76.928857
77.915169
78.730312
80.880685
82.261623
83.806292
84.420371
85.786870
87.368397
88.707569
89.774330
90.859160
92.162049
94.082476
95.029357
96.313508
97.398521
98.737600
99.932840
101.231808
102.760108
104.374550
104.934530
106.256800
107.656649
109.257620
110.195324
111.663189
112.467151
114.564495
116.039847
116.428156
118.216320
118.856517
121.076808
122.246827
123.048823
124.322478
125.027523
127.143343
128.055013
129.274811
130.526740
132.517628
132.984532
134.802955
135.485338
136.945723
138.621060
139.627363
140.703694
142.157854
143.428674
145.246431
145.741563
147.212267
148.913674
150.026451
151.386159
152.500021
154.330445
155.002155
156.749164
157.670230
159.077764
160.132817
161.052491
162.693615
163.825465
165.471973
166.644927
168.055550
169.202482
170.416785
171.923844
173.165741
174.237702
175.599172
177.107207
178.255299
179.153938
180.793219
182.259094
183.356783
184.714580
185.689564
187.047312
188.335067
190.039183
190.879555
191.673415
193.279769
194.626489
195.764375
197.523208
198.763113
199.640579
200.492062
202.814071
203.322364
205.210429
206.335013
207.492591
208.936651
209.893515
211.394410
212.511896
214.257911
214.761006
217.155949
217.830786
219.514357
220.272701
221.833995
223.062710
224.668645
225.448872
226.764845
228.013980
229.279280
231.482068
232.231933
233.606587
235.427884
235.434167
237.178301
238.668027
239.907888
240.835344
241.576064
243.518378
244.833847
246.304327
247.491612
248.898314
249.500427
251.164734
252.457735
253.248712
